Dimensions: 1920,1080
Gates: 1
GatePos: 0.6,0.5,1.5707963267948966
GateX: 1249.2,1249.2,1054.8,1054.8
GateY: 702.0,378.0,378.0,702.0
TopX: 1249.2,1249.2,1054.8,1054.8
TopY: 702.0,672.0,672.0,702.0
BottomX: 1249.2,1249.2,1054.8,1054.8
BottomY: 378.0,408.0,408.0,378.0
Surfaces: 1
IsDeepTissue: true
SurfaceX: 0.0,384.0,403.2,768.0,787.1999999999999,1920.0,1920.0,0.0
SurfaceY: 216.0,324.0,864.0,864.0,324.0,216.0,0.0,0.0
