Dimensions: 1920,1080
Gates: 1
GatePos: 0.5,0.5,0.3
GateX: 1143.489,833.9601,776.5109,1086.0399
GateY: 495.01556,399.26703,584.98444,680.733
TopX: 1143.489,1114.829,1057.3799,1086.0399
TopY: 495.01556,486.14996,671.8674,680.733
BottomX: 833.9601,862.6201,805.171,776.5109
BottomY: 399.26703,408.13263,593.85004,584.98444
Surfaces: 1
IsDeepTissue: false
SurfaceX: 0.0,0.0,960.0,576.0,0.0
SurfaceY: 0.0,1080.0,1080.0,0.0,0.0
