Dimensions: 1920,1080
Gates: 1
GatePos: 0.5,0.5,-0.7853981633974483
GateX: 1036.3676,654.5299,883.63245,1265.4701
GateY: 234.52988,616.36755,845.4701,463.63248
TopX: 1036.3676,1001.0122,1230.1147,1265.4701
TopY: 234.52988,269.88522,498.9878,463.63248
BottomX: 654.5299,689.88525,918.9878,883.63245
BottomY: 616.36755,581.0122,810.11475,845.4701
Surfaces: 0
